467.001
500.193
724.585
358.35
464.823
145.174
827.711
491.304
942.091
436.147
604.989
153.119
382.009
716.532
895.602
726.166
538.451
912.057
299.783
894.52
811.876
333.956
664.539
711.462
868.862
644.78
757.997
859.612
741.266
778.84
35.3759
842.677
106.009
942.276
648.588
805.838
729.485
350.744
101.458
548.744
623.599
954.735
840.572
376.152
308.425
439.517
323.752
538.169
82.4919
541.7
115.147
658.142
930.693
306.427
386.967
745.153
72.8217
829.191
573.817
512.156
290.732
636.28
767.682
574.722
52.123
150.835
724.517
430.426
191.949
337.55
287.472
383.847
909.456
758.983
588.739
946.196
30.8394
168.501
591.027
655.573
359.531
537.843
483.658
41.8422
350.11
836.314
20.2861
21.1403
199.835
484.6
734.253
999.002
938.806
788.211
467.553
893.114
483.752
421.543
617.437
514.696
616.437
451.578
249.629
556.504
303.696
8.18995
609.178
702.457
485.098
343.094
587.932
503.895
200.227
618.411
796.628
281.452
798.598
157.855
622.625
292.566
179.184
657.555
191.243
888.605
511.585
634.494
55.7407
646.62
886.805
433.576
142.912
416.728
998.668
651.315
699.306
476.109
389.851
712.155
510.079
869.641
688.545
789.409
423.466
585.153
285.738
426.827
757.873
932.3
154.127
189.785
329.61
692.072
555.654
549.105
512.227
60.92
753.663
423.493
996.497
529.509
437.688
949.606
195.006
416.101
105.863
282.747
734.38
701.553
671.956
263.177
355.132
53.9517
808.028
945.056
756.132
558.864
982.722
144.015
222.708
161.218
450.169
466.341
659.368
439.802
24.5265
510.798
649.145
313.402
22.1365
18.0662
905.573
391.548
625.311
414.808
824.284
874.895
159.744
70.3611
297.228
177.229
270.542
668.054
985.525
480.095
627.892
99.1466
625.932
924.047
972.336
181.399
432.946
593.534
31.6935
142.259
286.526
900.399
360.586
974.684
170.436
833.007
760.602
667.577
550.222
694.004
624.082
125.855
694.811
302.691
466.53
593.143
484.728
464.031
152.645
87.0854
926.948
757.275
315.982
227.292
758.368
109.219
86.2405
487.902
474.903
627.08
928.172
520.776
962.211
596.004
261.114
525.311
260.039
116.189
326.154
771.885
547.196
520.646
924.909
763.921
851.151
829.57
713.943
578.579
7.25529
200.35
439.795
760.07
324.591
108.198
887.644
850.604
428.441
384.397
540.592
704.949
356.392
350.185
485.574
216.627
357.05
357.26
271.895
361.728
22.3936
112.904
696.388
41.3536
129.745
565.739
932.2
855.68
962.368
734.109
972.203
369.655
963.688
483.08
635.028
848.307
938.143
142.068
511.725
175.694
825.655
870.098
934.05
783.464
398.728
701.68
734.372
534.05
993.17
705.311
548.212
300.485
641.44
855.606
462.401
877.843
678.623
443.053
673.864
313.306
72.0267
610.391
932.031
695.858
831.402
488.612
90.8754
589.595
145.793
314.591
740.569
258.673
759.01
605.342
181.771
829.87
608.726
997.894
556.536
627.78
541.197
240.797
174.849
77.6287
683.617
992.251
601.788
759.714
428.081
84.8553
786.307
970.473
847.192
503.995
663.648
363.174
171.275
240.839
542.371
913.233
704.232
232.971
205.023
539.152
422.009
247.644
648.415
864.091
75.6993
712.658
678.535
262.054
985.26
944.863
540.087
508.709
870.864
323.293
472.645
87.8286
763.872
103.913
527.44
969.354
565.428
543.001
88.7736
637.09
463.684
681.154
342.048
60.0186
758.648
888.914
690.432
843.243
620.654
67.0228
783.138
226.55
38.4634
629.301
748.343
359.608
766.984
955.151
726.712
25.7755
1.6212
496.688
515.567
342.548
913.246
196.493
72.6698
606.623
429.799
705.989
812.629
93.5913
36.5055
141.45
994.94
652.252
838.73
355.625
131.641
841.556
11.4463
186.996
650.601
634.173
353.332
452.654
262.427
454.679
634.498
256.803
124.005
213.376
28.8273
80.8911
858.651
155.734
264.957
676.363
909.905
561.455
948.869
653.039
220.936
923.165
369.117
259.118
619.58
3.73156
781.67
392.809
313.997
589.204
938.388
410.581
234.96
961.382
493.121
269.046
869.761
700.002
264.426
215.461
815.749
39.5594
288.922
954.857
710.491
774.747
815.256
541.792
679.553
898.522
788.704
132.732
689.914
8.79693
790.395
363.053
184.001
200.756
885.155
71.6706
867.346
295.798
825.982
629.295
598.874
693.101
80.143
249.309
528.814
864.814
405.898
816.269
726.229
87.8748
964.845
686.041
662.184
64.4493
415.894
873.546
941.523
762.999
531.867
268.147
602.284
307.974
12.7166
630.645
809.736
556.125
293.375
152.915
345.032
248.449
712.229
114.157
958.502
704.754
52.2135
479.771
423.557
866.852
498.539
196.869
633.228
22.371
392.035
925.398
458.325
807.201
830.125
600.894
799.222
448.56
540.424
575.864
567.267
397.682
897.959
851.788
230.818
925.136
229.02
940.748
147.902
655.768
792.631
754.682
146.5
946.266
569.647
663.264
515.46
475.352
528.477
570.404
464.028
962.597
524.432
469.383
923.01
333.865
910.7
336.602
278.56
636.378
164.937
949.964
505.584
4.40703
623.499
970.875
568.781
85.5884
373.279
194.874
826.301
572.867
640.191
819.89
611.029
289.059
565.257
585.116
450.495
609.049
166.338
74.5155
300.412
573.601
161.476
968.951
31.8349
426.802
422.87
779.939
552.943
391.128
764.473
364.027
255.455
474.136
821.213
547.797
789.659
195.781
950.842
754.499
12.0757
439.356
912.41
967.298
415.745
223.058
434.359
486.159
958.132
806.181
700.249
692.347
532.665
974.932
21.1052
222.558
376.895
948.872
982.388
776.672
111.281
856.982
925.595
486.132
969.601
534.355
668.478
991.948
783.983
727.514
871.898
612.326
27.5708
545.348
185.29
237.923
313.807
850.687
111.767
149.722
454.342
681.484
267.838
793.541
472.569
830.64
442.76
877.158
702.786
381.438
823.506
23.0683
595.982
327.616
310.367
58.8601
487.242
528.051
258.172
860.22
286.787
610.084
128.136
841.563
503.632
865.454
881.334
750.283
598.873
661.868
756.795
278.635
435.595
75.1943
386.232
360.239
48.4068
492.272
840.379
735.206
599.605
892.361
328.976
369.896
794.953
252.202
432.355
208.291
497.1
649.709
841.672
100.006
648.605
851.291
633.747
200.912
990.606
919.784
578.543
544.395
487.102
525.027
538.259
193.229
11.8622
834.048
497.056
529.085
805.963
392.879
549.403
979.659
277.945
193.002
497.049
276.422
582.604
159.414
489.623
449.005
72.3944
8.31678
208.854
503.198
607.469
74.4332
611.419
761.58
890.337
683.951
932.419
741.777
813.151
396.087
615.472
599.333
680.615
32.2807
584.439
517.221
670.519
882.007
523.771
105.969
95.904
916.223
178.478
58.4144
750.842
729.427
995.735
676.082
899.847
565.36
608.094
243.188
514.913
55.3103
973.342
748.272
986.172
446.065
517.964
916.446
791.179
912.472
693.249
815.277
857.822
52.6299
551.007
226.29
955.859
394.708
97.9211
65.0935
261.077
78.3839
140.515
947.141
170.075
489.915
149.755
865.102
282.678
432.824
367.271
882.87
641.971
187.221
479.205
538.193
447.957
646.739
759.68
422.921
486.844
28.1054
860.904
777.893
503.957
431.331
455.888
106.433
821.267
281.528
455.794
124.487
135.559
774.347
998.911
253.368
635.211
888.05
232.249
680.145
678.608
801.197
199.762
363.636
573.174
245.963
274.198
353.047
287.036
110.082
465.569
529.219
112.305
381.411
890.252
805.509
32.9879
320.122
431.707
293.295
578.525
206.517
166.829
697.104
694.947
788.474
984.919
978.365
15.6597
684.507
906.28
97.7913
390.858
785.464
199.442
710.379
813.558
85.8367
580.01
267.041
444.256
507.708
827.133
431.857
271.218
693.313
337.607
604.956
406.387
22.2371
0.592456
537.017
388.917
289.224
181.966
584.4
761.335
217.625
482.29
665.899
104.328
95.4603
221.413
781.121
106.149
343.112
80.6895
868.491
713.653
251.64
79.8306
40.878
933.962
663.726
653.374
95.8526
874.744
835.236
976.784
725.563
808.124
156.414
832.171
440.241
562.225
962.698
836.643
202.33
80.3207
76.163
493.276
546.236
773.625
880.583
72.7122
707.714
666.701
588.126
168.381
396.864
9.49516
136.672
762.35
742.764
922.001
248.748
368.794
714.724
290.539
759.102
895.097
640.162
199.671
791.888
681.57
753.111
29.7335
42.4879
83.8012
814.349
244.999
229.948
864.63
470.146
47.4579
487.049
276.742
540.651
990.234
710.995
945.893
470.892
589.616
978.731
6.75622
135.405
196.717
88.886
779.395
790.488
965.762
105.336
567.36
134.081
457.997
545.397
218.415
844.27
563.225
264.642
723.879
604.412
227.964
692.342
363.603
363.894
565.236
445.532
495.568
22.5109
151.971
55.7024
738.104
882.466
