1
2
3
3
3
6
7
7
8
8
8
8
9
10
10
11
11
15
15
17
18
18
19
20
21
21
21
22
22
23
24
25
27
28
28
28
30
30
31
31
35
35
35
36
37
37
38
38
39
40
40
40
41
41
41
43
44
44
49
50
52
53
53
53
55
58
58
60
60
60
61
64
67
67
70
71
71
72
72
72
72
73
75
75
75
75
77
80
80
82
82
84
84
85
86
87
87
88
88
90
93
93
97
98
99
101
102
103
105
106
107
108
109
109
110
111
112
112
113
113
114
115
115
116
116
117
118
119
123
124
125
127
129
129
129
131
132
132
139
140
141
141
142
142
142
142
142
144
145
145
145
146
148
150
152
152
153
153
153
154
154
155
156
157
159
161
161
164
164
168
168
168
169
169
169
170
170
171
173
173
174
175
176
177
179
181
181
182
184
185
185
186
186
187
188
189
190
190
191
191
192
192
193
193
195
195
195
196
196
199
200
200
200
200
202
202
202
205
205
209
212
213
213
213
215
215
216
220
221
221
221
221
222
222
223
224
224
226
227
229
230
232
233
234
235
240
240
245
247
249
249
253
253
255
256
256
257
258
259
260
261
262
262
263
264
264
264
264
264
269
270
270
270
271
272
279
279
281
281
281
282
282
285
285
286
286
287
287
288
288
289
290
291
292
292
292
292
295
296
296
297
297
299
300
302
303
303
303
303
303
306
308
309
309
310
313
313
313
313
313
314
314
314
315
316
316
317
318
318
318
321
322
322
323
323
324
326
328
329
330
333
333
334
334
335
337
337
342
342
343
347
348
350
350
350
350
353
353
355
355
355
355
356
357
357
357
358
359
359
360
361
361
362
363
363
365
368
369
369
370
371
372
374
375
376
380
382
383
384
386
389
391
391
392
392
393
398
401
402
404
405
409
410
410
411
411
413
413
413
414
416
416
416
418
421
421
422
422
423
423
423
423
423
424
425
426
426
428
428
429
430
430
432
433
434
436
437
439
439
439
441
443
446
447
448
450
451
452
454
455
457
457
458
459
460
461
462
463
464
464
466
466
467
467
467
472
472
474
474
476
477
477
477
478
480
481
482
483
483
483
484
484
484
485
485
487
487
488
488
489
489
491
492
493
496
497
498
500
503
503
503
504
505
506
508
508
510
510
511
511
512
512
514
515
515
518
519
519
520
520
523
525
526
527
527
529
529
532
534
535
536
537
537
538
538
538
539
540
540
541
541
541
542
543
543
545
546
547
547
548
548
548
549
549
549
549
550
555
555
556
556
556
556
557
558
559
561
561
565
565
565
565
570
573
574
576
576
577
578
580
584
584
584
585
585
587
588
588
589
589
589
591
591
593
593
595
596
596
598
600
600
600
601
601
601
602
604
604
605
606
607
608
608
609
610
611
616
617
617
617
618
619
619
620
622
623
624
624
625
625
625
625
626
626
626
626
627
627
627
629
629
629
629
634
634
634
635
636
637
637
637
639
641
643
644
646
646
648
648
648
649
650
650
651
651
652
653
654
655
655
657
658
658
659
662
662
662
663
664
667
667
668
668
670
671
673
673
673
674
675
676
676
678
678
678
679
681
683
685
685
686
687
688
689
690
690
692
693
694
694
695
695
696
698
699
700
701
701
702
703
704
704
704
705
705
705
706
710
711
711
712
712
713
716
717
718
718
721
722
723
723
724
724
725
726
726
728
729
734
734
734
734
736
737
740
741
741
745
745
748
748
750
752
753
753
754
756
756
757
757
757
758
758
758
759
759
760
760
762
763
763
763
766
767
769
771
771
773
774
775
777
778
778
781
783
783
786
786
787
788
788
789
790
790
796
798
798
798
800
801
802
805
807
808
811
812
813
813
814
815
815
815
818
818
823
824
824
825
825
827
827
829
829
829
831
831
832
832
833
833
833
835
836
838
840
841
842
843
844
844
847
848
850
850
851
851
853
855
855
855
858
859
861
864
865
866
867
868
869
869
869
869
869
870
870
874
875
875
877
878
881
881
882
885
886
887
888
888
890
892
893
893
894
895
896
896
898
900
900
900
900
901
902
902
902
903
905
909
909
911
912
912
913
913
913
923
923
924
924
924
926
928
929
930
931
932
932
932
934
935
936
937
938
938
938
940
941
941
942
942
943
944
944
944
945
945
945
946
948
948
949
949
951
954
954
954
955
956
958
958
958
959
961
961
962
962
962
962
963
964
966
966
969
970
971
971
971
972
972
974
974
975
976
977
977
982
985
985
986
989
990
992
993
993
994
995
996
997
998
999
