2
Battleworld
3747630.478267799739583301187520341700000000
Azeroth
3241506.114950603003232891687900394120000000
0.444425232145276183359783317428082228
0.608603590321059373380307988554704934
0.848647392059623140170288024819456041
0.959034793484243031080893615580862388
2
Coruscant
27842166.006375643717236124471569753300000000
The Known World
90772.810210751939247177825561933500000000
0.480221333571310804444465247797779739
0.320729314660765707500900134618859738
0.864187864934482075085497854161076248
0.132273685566122622958573629148304462
0